6
23
3
2
19
17
8
7
15
14
18
1
13
19
24
14
25
2
16
7
15
12
6
10
13
16
21
9
11
3
16
20
16
19
23
2
8
11
5
7
17
24
22
26
1
13
21
25
11
7
10
2
23
12
8
14
6
16
3
9
17
5
15
21
1
19
24
18
16
20
25
19
23
9
6
7
11
7
15
22
23
13
2
26
10
12
24
18
8
17
3
5
25
19
9
2
11
3
20
19
7
15
1
9
21
23
4
3
6
14
13
12
3
9
24
2
21
10
23
25
16
8
15
11
7
1
19
22
9
23
9
21
24
3
13
2
12
5
17
19
8
4
18
25
8
9
6
10
26
15
12
21
22
1
14
8
7
20
25
2
11
15
19
13
23
3
2
5
24
16
18
8
12
17
9
21
10
19
5
6
26
22
24
25
23
20
10
9
7
11
8
1
3
13
21
6
15
2
14
24
16
15
17
12
9
21
19
5
23
19
1
22
3
2
24
8
19
13
26
9
13
7
6
25
18
11
7
3
2
17
21
12
15
9
23
24
20
1
3
8
13
4
6
19
16
15
2
24
7
11
25
10
21
9
23
12
6
7
17
14
1
3
5
26
19
9
21
22
13
10
23
8
15
17
2
18
7
4
19
20
24
6
23
9
15
13
14
11
25
7
21
5
12
7
9
17
8
6
19
26
24
21
13
15
16
14
3
23
10
2
5
20
21
1
19
25
22
15
18
14
24
10
12
9
7
11
2
26
6
17
19
8
9
11
13
3
15
7
4
25
10
18
21
23
12
8
3
24
2
9
4
19
6
7
16
22
14
5
1
24
10
13
21
19
24
